68745
1537
2682
41219
5284
12447
6686
36677
932
226
148
1003
2109
1791
936
13596
1312
2112
10203
44988
764128
606
10678
588
884
4701
6827
24246
1186
8581
41811
15514
201
3501
5761
243
916
10046
19503
81489
10039
1152
207150
7783
710
31553
48862
1169
3019
16084
37072
34831
1147
1176
10154
7819
22459
5343
7075
2532
2322
47175
3394
10143
560
3863
24422
213423
172367
223
3934
10043
6608
527
3201
1331
166
805
1017
2352
101643
2045
1701
17205
1225
7460
23576
19349
3816
892
4944
1672
4190
3000
6930
2801
53463
328
2408
191020
